20
285
758
947
1273
1389
1678
1807
2095
2423
2746
3048
3198
3390
3694
3857
4193
4595
4619
5062
5121
5577
5853
5966
407
6311
6635
6727
6971
7397
7588
7800
8137
8379
8590
8862
9107
9419
9501
9729
10184
1326
10344
1266
10678
10764
11234
11506
11771
11917
12193
12378
12789
12925
13210
13393
13707
13875
14238
14513
14744
14850
15113
15546
15576
15668
14950
15892
6796
9023
16369
16420
8747
16675
3073
16922
14358
17332
17521
17664
17921
8509
18234
10266
18552
9930
18913
18988
19316
19636
19783
14860
20140
20416
4965
20571
20872
21033
11839
11493
21412
21655
21937
508
4202
4998
22141
22378
22720
16487
13237
3516
23016
11208
23096
23517
23626
2727
23855
24097
24496
24692
25078
25113
25414
25710
25948
26348
26398
26806
27069
27350
7397
17581
27455
27704
28066
25980
3840
28234
2126
28634
28730
1412
22279
12534
29124
29273
29606
2980
28667
29717
29993
18006
4217
30463
30600
28565
30946
31091
31460
4284
8569
14000
31561
31939
32115
32480
17981
32677
4148
215
2752
499
7291
515
31261
847
32368
1201
2928
4306
4079
22592
1309
21975
1584
1826
17225
32541
4533
3679
2098
14620
31779
30292
2405
2795
26070
24709
2880
3229
14502
3377
3682
3939
4310
4005
4577
4831
15565
4872
24922
19354
10017
18652
25068
16657
12267
5363
28038
20586
5589
25205
5758
6141
26772
6349
6419
4196
15453
6778
8597
7036
7200
7630
28601
13386
7821
7944
20614
5880
8200
8469
26128
27307
28495
8924
9181
9404
9666
28097
20934
9858
31235
28872
2655
9997
10481
10594
13598
5887
18974
15614
9812
4185
2559
27339
10859
4827
11197
11375
11595
12020
25983
12209
16741
12497
12570
12956
1258
23856
13295
13454
13703
13868
12853
14247
26010
14531
14779
15013
15336
2178
15377
20085
15631
6606
16017
10560
22570
9725
21845
16178
16384
16631
16736
17007
17271
30176
17468
22674
17806
18023
18346
18652
18857
25622
18963
19345
19502
19872
20210
20362
28695
17412
20674
20884
30489
22647
7789
21138
17821
23276
28182
9522
21395
12721
21569
30505
21982
22160
22470
22529
392
12289
22784
28037
23255
23540
1396
28197
23642
23155
1833
23926
12863
10583
16148
24215
24529
24695
11726
25026
588
25306
17287
25419
25751
543
26041
26258
26579
20834
11863
20649
16043
26691
28336
27016
13039
27296
27601
27926
30633
15001
27810
28242
22155
28004
13298
28275
28653
15351
28908
8899
11911
29078
23796
22468
29394
29519
29950
16075
30301
30082
30297
8830
30626
30747
30979
3549
31342
31555
9156
25118
2814
31808
32106
1178
32357
32655
7697
11523
197
425
600
967
1106
14632
1381
1730
10436
16417
1912
28403
2167
2469
2871
14676
2241
2593
2983
3146
19931
29551
3458
12779
3737
4010
27502
17268
4133
12060
20899
12867
4504
4684
9555
5272
4945
5239
5528
5820
5939
6151
6497
6843
27454
12017
7067
29078
8393
7322
7559
7725
7983
31047
8275
8470
8743
9068
8859
14528
9400
28298
9496
9848
10206
17196
13610
26083
6574
10472
10750
12010
24243
1227
10846
11253
11288
11228
3494
22516
2231
11641
19624
11864
12095
12446
15373
25364
21190
12723
13044
13095
9800
8444
13521
8810
3976
13731
13967
19599
14083
14340
18865
11448
14641
14926
15127
30503
23264
18445
18987
15383
11913
24161
12033
19674
15656
24343
16013
10278
16148
9606
16556
16689
17130
17304
17632
24977
30549
17821
18166
18186
25417
1814
18544
24378
12156
28748
15314
4639
18704
19008
19430
16980
21003
19624
4439
3289
29623
32591
19762
20044
20278
17157
20547
12118
20806
24807
5564
9546
16403
21019
21482
19106
28092
21711
28569
9626
21971
22042
9741
31362
22503
22055
10940
22620
14241
25688
23572
22875
18387
23285
23385
23609
14564
23981
31644
24078
15937
25915
2
10246
12524
5041
24427
19152
29642
24808
15908
24973
25192
25454
25625
20066
3482
21322
6125
4846
25874
26162
26402
23842
27624
8178
18386
9794
24176
23195
26652
27110
27303
27408
27690
28031
28340
27661
28485
29327
7417
8130
28826
6854
5874
5149
29107
4042
29303
22512
11863
29579
29772
30127
30408
30583
18515
28811
30815
31057
7125
24013
20414
31376
14037
31594
30784
17386
9260
18804
31853
32170
32467
11533
32530
14692
7728
3036
9117
25687
21
503
679
806
4408
1026
6527
1532
2247
23680
1577
16856
1978
8802
10289
2292
17252
2366
2724
2852
2897
25670
22874
10258
3280
3427
553
3688
2934
12808
26937
29892
30842
23486
31642
4055
4217
5914
4560
4739
5050
22320
15937
5314
8836
25056
5619
9287
2257
11724
14526
5869
6052
23428
19805
16429
10816
6384
24318
9251
32056
16991
6436
896
6725
29187
6963
7309
7488
7591
24109
16603
10191
7867
7953
8294
16473
8563
23910
8727
8235
7946
9147
28431
7029
9291
10493
27689
2612
9489
9769
18860
3988
20682
10192
13630
26076
10440
28408
10687
11279
8470
3785
10919
11073
11299
11743
11894
12078
12336
12784
12895
13238
25083
25415
13467
21803
29019
6482
2381
30057
13815
19385
13904
28890
7963
14107
10375
10896
14384
14633
14880
13190
13976
15221
15401
15690
22129
28481
22263
16080
16214
22799
16539
15517
16670
16965
17170
17553
17813
18011
18255
18482
30278
17451
18693
18964
19409
19691
3917
28620
14440
19962
27726
20012
20260
20600
20762
21136
26320
9112
21290
21742
25491
21881
16344
27285
13763
22667
22429
22046
14980
22366
22689
22882
23231
15716
25050
23448
23767
24011
24189
3646
24449
24786
5257
24891
26739
30570
30843
10125
25272
25485
25737
25891
32322
26161
26566
26766
27000
11419
6203
27200
27606
27708
29124
32564
24790
28076
12907
21386
11337
32639
28303
2558
22361
28542
19293
28774
26379
28940
29284
29689
23050
23430
3504
29696
30127
32421
30412
30549
30818
31070
31479
31652
31972
32205
20125
13368
32353
11945
2385
12650
32564
32674
28
443
633
28016
861
22696
6971
14118
1242
1333
13107
17446
1618
12821
26714
1989
12568
14404
2215
29661
6678
13443
27187
12861
2500
5948
2608
2903
9879
15003
31323
4416
3179
10470
30202
20982
3535
3594
3868
4189
4509
4791
4944
18113
27693
21245
13112
5148
5551
5868
6089
6395
6475
